40001 512000 1 1 200 0.196
40002 512000 1 1 200 0.209
40003 512000 1 1 200 0.091
40004 512000 1 1 200 0.114
40005 512000 1 1 200 0.117
40006 512000 1 1 200 0.082
40007 512000 1 1 200 0.094
40008 512000 1 1 200 0.094
40009 512000 1 1 200 0.076
40010 512000 1 1 200 0.083
40011 512000 1 1 200 0.096
40012 512000 1 1 200 0.082
40013 512000 1 1 200 0.096
40014 512000 1 1 200 0.095
40015 512000 1 1 200 0.085
40016 512000 1 1 200 0.110
40017 512000 1 1 200 0.111
40018 512000 1 0 200 0.086
40019 512000 1 1 200 0.097
40020 512000 1 1 200 0.096
40021 512000 1 0 200 0.088
40022 512000 1 1 200 0.092
40023 512000 1 1 200 0.087
40024 512000 1 0 200 0.082
40025 512000 1 1 200 0.087
40026 512000 1 1 200 0.078
40027 512000 1 0 200 0.103
40028 512000 1 1 200 0.089
40029 512000 1 1 200 0.093
40030 512000 1 0 200 0.108
40031 512000 1 1 200 0.095
40032 512000 1 1 200 0.097
40033 512000 0 1 200 0.113
40034 512000 1 1 200 0.091
40035 512000 1 1 200 0.086
40036 512000 0 1 200 0.124
40037 512000 1 1 200 0.091
40038 512000 1 1 200 0.088
40039 512000 0 1 200 0.108
40040 512000 1 1 200 0.089
40041 512000 1 1 200 0.095
40042 512000 0 1 200 0.104
40043 512000 1 1 200 0.096
40044 512000 1 1 200 0.089
40045 512000 0 1 200 0.105
40046 512000 1 1 200 0.089
40047 512000 1 1 200 0.090
40048 512000 0 0 200 0.089
40049 512000 1 1 200 0.089
40050 512000 1 1 200 0.089
40051 512000 0 0 200 0.094
40052 512000 1 1 200 0.085
40053 512000 1 1 200 0.090
40054 512000 0 0 200 0.085
40055 512000 1 1 200 0.097
40056 512000 1 1 200 0.096
40057 512000 0 0 200 0.084
40058 512000 1 1 200 0.167
40059 512000 1 1 200 0.155
40060 512000 0 0 200 0.086
40061 1048576 1 1 200 0.119
40062 1048576 1 1 200 0.117
40063 1048576 1 1 200 0.104
40064 1048576 1 1 200 0.111
40065 1048576 1 1 200 0.111
40066 1048576 1 1 200 0.115
40067 1048576 1 1 200 0.122
40068 1048576 1 1 200 0.112
40069 1048576 1 1 200 0.106
40070 1048576 1 1 200 0.121
40071 1048576 1 1 200 0.151
40072 1048576 1 1 200 0.159
40073 1048576 1 1 200 0.129
40074 1048576 1 1 200 0.123
40075 1048576 1 1 200 0.147
40076 1048576 1 1 200 0.110
40077 1048576 1 1 200 0.109
40078 1048576 1 0 200 0.110
40079 1048576 1 1 200 0.119
40080 1048576 1 1 200 0.118
40081 1048576 1 0 200 0.109
40082 1048576 1 1 200 0.145
40083 1048576 1 1 200 0.133
40084 1048576 1 0 200 0.108
40085 1048576 1 1 200 0.123
40086 1048576 1 1 200 0.119
40087 1048576 1 0 200 0.120
40088 1048576 1 1 200 0.110
40089 1048576 1 1 200 0.123
40090 1048576 1 0 200 0.112
40091 1048576 1 1 200 0.148
40092 1048576 1 1 200 0.141
40093 1048576 0 1 200 0.164
40094 1048576 1 1 200 0.113
40095 1048576 1 1 200 0.113
40096 1048576 0 1 200 0.163
40097 1048576 1 1 200 0.132
40098 1048576 1 1 200 0.122
40099 1048576 0 1 200 0.160
40100 1048576 1 1 200 0.116
40101 1048576 1 1 200 0.118
40102 1048576 0 1 200 0.170
40103 1048576 1 1 200 0.116
40104 1048576 1 1 200 0.177
40105 1048576 0 1 200 0.170
40106 1048576 1 1 200 0.193
40107 1048576 1 1 200 0.183
40108 1048576 0 0 200 0.129
40109 1048576 1 1 200 0.124
40110 1048576 1 1 200 0.119
40111 1048576 0 0 200 0.123
40112 1048576 1 1 200 0.125
40113 1048576 1 1 200 0.130
40114 1048576 0 0 200 0.149
40115 1048576 1 1 200 0.170
40116 1048576 1 1 200 0.154
40117 1048576 0 0 200 0.147
40118 1048576 1 1 200 0.116
40119 1048576 1 1 200 0.115
40120 1048576 0 0 200 0.132
40121 2097152 1 1 200 0.176
40122 2097152 1 1 200 0.176
40123 2097152 1 1 200 0.166
40124 2097152 1 1 200 0.172
40125 2097152 1 1 200 0.295
40126 2097152 1 1 200 0.170
40127 2097152 1 1 200 0.169
40128 2097152 1 1 200 0.166
40129 2097152 1 1 200 0.167
40130 2097152 1 1 200 0.172
40131 2097152 1 1 200 0.165
40132 2097152 1 1 200 0.175
40133 2097152 1 1 200 0.189
40134 2097152 1 1 200 0.190
40135 2097152 1 1 200 0.162
40136 2097152 1 1 200 0.172
40137 2097152 1 1 200 0.175
40138 2097152 1 0 200 0.177
40139 2097152 1 1 200 0.192
40140 2097152 1 1 200 0.178
40141 2097152 1 0 200 0.170
40142 2097152 1 1 200 0.184
40143 2097152 1 1 200 0.188
40144 2097152 1 0 200 0.170
40145 2097152 1 1 200 0.179
40146 2097152 1 1 200 0.179
40147 2097152 1 0 200 0.169
40148 2097152 1 1 200 0.167
40149 2097152 1 1 200 0.168
40150 2097152 1 0 200 0.171
40151 2097152 1 1 200 0.173
40152 2097152 1 1 200 0.190
40153 2097152 0 1 200 0.240
40154 2097152 1 1 200 0.180
40155 2097152 1 1 200 0.179
40156 2097152 0 1 200 0.207
40157 2097152 1 1 200 0.176
40158 2097152 1 1 200 0.175
40159 2097152 0 1 200 0.230
40160 2097152 1 1 200 0.183
40161 2097152 1 1 200 0.176
40162 2097152 0 1 200 0.204
40163 2097152 1 1 200 0.202
40164 2097152 1 1 200 0.201
40165 2097152 0 1 200 0.218
40166 2097152 1 1 200 0.176
40167 2097152 1 1 200 0.177
40168 2097152 0 0 200 0.243
40169 2097152 1 1 200 0.198
40170 2097152 1 1 200 0.185
40171 2097152 0 0 200 0.195
40172 2097152 1 1 200 0.184
40173 2097152 1 1 200 0.185
40174 2097152 0 0 200 0.192
40175 2097152 1 1 200 0.175
40176 2097152 1 1 200 0.174
40177 2097152 0 0 200 0.233
40178 2097152 1 1 200 0.173
40179 2097152 1 1 200 0.181
40180 2097152 0 0 200 0.194
40181 4194304 1 1 200 0.317
40182 4194304 1 1 200 0.323
40183 4194304 1 1 200 0.296
40184 4194304 1 1 200 0.310
40185 4194304 1 1 200 0.323
40186 4194304 1 1 200 0.310
40187 4194304 1 1 200 0.320
40188 4194304 1 1 200 0.316
40189 4194304 1 1 200 0.319
40190 4194304 1 1 200 0.310
40191 4194304 1 1 200 0.346
40192 4194304 1 1 200 0.274
40193 4194304 1 1 200 0.311
40194 4194304 1 1 200 0.312
40195 4194304 1 1 200 0.315
40196 4194304 1 1 200 0.359
40197 4194304 1 1 200 0.359
40198 4194304 1 0 200 0.283
40199 4194304 1 1 200 0.353
40200 4194304 1 1 200 0.308
40201 4194304 1 0 200 0.342
40202 4194304 1 1 200 0.336
40203 4194304 1 1 200 0.341
40204 4194304 1 0 200 0.336
40205 4194304 1 1 200 0.326
40206 4194304 1 1 200 0.314
40207 4194304 1 0 200 0.336
40208 4194304 1 1 200 0.333
40209 4194304 1 1 200 0.345
40210 4194304 1 0 200 0.330
40211 4194304 1 1 200 0.324
40212 4194304 1 1 200 0.316
40213 4194304 0 1 200 0.391
40214 4194304 1 1 200 0.315
40215 4194304 1 1 200 0.309
40216 4194304 0 1 200 0.367
40217 4194304 1 1 200 0.323
40218 4194304 1 1 200 0.335
40219 4194304 0 1 200 0.419
40220 4194304 1 1 200 0.400
40221 4194304 1 1 200 0.400
40222 4194304 0 1 200 0.405
40223 4194304 1 1 200 0.317
40224 4194304 1 1 200 0.318
40225 4194304 0 1 200 0.386
40226 4194304 1 1 200 0.329
40227 4194304 1 1 200 0.309
40228 4194304 0 0 200 0.333
40229 4194304 1 1 200 0.357
40230 4194304 1 1 200 0.375
40231 4194304 0 0 200 0.386
40232 4194304 1 1 200 0.309
40233 4194304 1 1 200 0.321
40234 4194304 0 0 200 0.369
40235 4194304 1 1 200 0.312
40236 4194304 1 1 200 0.314
40237 4194304 0 0 200 0.332
40238 4194304 1 1 200 0.311
40239 4194304 1 1 200 0.316
40240 4194304 0 0 200 0.349
40241 8388608 1 1 200 0.624
40242 8388608 1 1 200 0.624
40243 8388608 1 1 200 0.621
40244 8388608 1 1 200 0.656
40245 8388608 1 1 200 0.612
40246 8388608 1 1 200 0.601
40247 8388608 1 1 200 0.649
40248 8388608 1 1 200 0.569
40249 8388608 1 1 200 0.528
40250 8388608 1 1 200 0.625
40251 8388608 1 1 200 0.574
40252 8388608 1 1 200 0.619
40253 8388608 1 1 200 0.589
40254 8388608 1 1 200 0.596
40255 8388608 1 1 200 0.591
40256 8388608 1 1 200 0.692
40257 8388608 1 1 200 0.740
40258 8388608 1 0 200 0.670
40259 8388608 1 1 200 0.530
40260 8388608 1 1 200 0.635
40261 8388608 1 0 200 0.617
40262 8388608 1 1 200 0.621
40263 8388608 1 1 200 0.606
40264 8388608 1 0 200 0.575
40265 8388608 1 1 200 0.653
40266 8388608 1 1 200 0.627
40267 8388608 1 0 200 0.676
40268 8388608 1 1 200 0.528
40269 8388608 1 1 200 0.619
40270 8388608 1 0 200 0.635
40271 8388608 1 1 200 0.527
40272 8388608 1 1 200 0.530
40273 8388608 0 1 200 0.665
40274 8388608 1 1 200 0.597
40275 8388608 1 1 200 0.574
40276 8388608 0 1 200 0.738
40277 8388608 1 1 200 0.621
40278 8388608 1 1 200 0.544
40279 8388608 0 1 200 0.642
40280 8388608 1 1 200 0.635
40281 8388608 1 1 200 0.601
40282 8388608 0 1 200 0.697
40283 8388608 1 1 200 0.527
40284 8388608 1 1 200 0.599
40285 8388608 0 1 200 0.676
40286 8388608 1 1 200 0.627
40287 8388608 1 1 200 0.597
40288 8388608 0 0 200 0.646
40289 8388608 1 1 200 0.587
40290 8388608 1 1 200 0.520
40291 8388608 0 0 200 0.623
40292 8388608 1 1 200 0.498
40293 8388608 1 1 200 0.545
40294 8388608 0 0 200 0.646
40295 8388608 1 1 200 0.544
40296 8388608 1 1 200 0.562
40297 8388608 0 0 200 0.704
40298 8388608 1 1 200 0.564
40299 8388608 1 1 200 0.516
40300 8388608 0 0 200 0.657
40301 16777216 1 1 200 1.256
40302 16777216 1 1 200 1.280
40303 16777216 1 1 200 1.170
40304 16777216 1 1 200 1.187
40305 16777216 1 1 200 1.200
40306 16777216 1 1 200 1.155
40307 16777216 1 1 200 1.249
40308 16777216 1 1 200 1.290
40309 16777216 1 1 200 1.226
40310 16777216 1 1 200 1.187
40311 16777216 1 1 200 1.316
40312 16777216 1 1 200 1.168
40313 16777216 1 1 200 1.034
40314 16777216 1 1 200 1.138
40315 16777216 1 1 200 1.049
40316 16777216 1 1 200 1.292
40317 16777216 1 1 200 1.159
40318 16777216 1 0 200 1.413
40319 16777216 1 1 200 1.256
40320 16777216 1 1 200 1.318
40321 16777216 1 0 200 1.308
40322 16777216 1 1 200 1.127
40323 16777216 1 1 200 1.210
40324 16777216 1 0 200 1.153
40325 16777216 1 1 200 1.133
40326 16777216 1 1 200 1.187
40327 16777216 1 0 200 1.217
40328 16777216 1 1 200 1.232
40329 16777216 1 1 200 1.220
40330 16777216 1 0 200 1.219
40331 16777216 1 1 200 0.903
40332 16777216 1 1 200 0.904
40333 16777216 0 1 200 1.040
40334 16777216 1 1 200 0.889
40335 16777216 1 1 200 0.878
40336 16777216 0 1 200 1.041
40337 16777216 1 1 200 0.968
40338 16777216 1 1 200 0.937
40339 16777216 0 1 200 1.229
40340 16777216 1 1 200 1.077
40341 16777216 1 1 200 0.993
40342 16777216 0 1 200 1.197
40343 16777216 1 1 200 0.917
40344 16777216 1 1 200 0.932
40345 16777216 0 1 200 1.212
40346 16777216 1 1 200 0.940
40347 16777216 1 1 200 1.010
40348 16777216 0 0 200 1.210
40349 16777216 1 1 200 0.931
40350 16777216 1 1 200 1.039
40351 16777216 0 0 200 1.178
40352 16777216 1 1 200 1.041
40353 16777216 1 1 200 1.002
40354 16777216 0 0 200 1.206
40355 16777216 1 1 200 0.941
40356 16777216 1 1 200 0.894
40357 16777216 0 0 200 1.162
40358 16777216 1 1 200 0.907
40359 16777216 1 1 200 0.850
40360 16777216 0 0 200 1.180
40361 33554432 1 1 200 3.391
40362 33554432 1 1 200 2.967
40363 33554432 1 1 200 3.260
40364 33554432 1 1 200 2.845
40365 33554432 1 1 200 3.120
40366 33554432 1 1 200 2.977
40367 33554432 1 1 200 2.774
40368 33554432 1 1 200 2.845
40369 33554432 1 1 200 2.849
40370 33554432 1 1 200 2.887
40371 33554432 1 1 200 2.965
40372 33554432 1 1 200 3.144
40373 33554432 1 1 200 3.015
40374 33554432 1 1 200 3.058
40375 33554432 1 1 200 2.988
40376 33554432 1 1 200 2.955
40377 33554432 1 1 200 3.057
40378 33554432 1 0 200 3.232
40379 33554432 1 1 200 3.231
40380 33554432 1 1 200 2.817
40381 33554432 1 0 200 3.050
40382 33554432 1 1 200 2.874
40383 33554432 1 1 200 5.575
40384 33554432 1 0 200 2.990
40385 33554432 1 1 200 3.165
40386 33554432 1 1 200 2.700
40387 33554432 1 0 200 3.094
40388 33554432 1 1 200 2.802
40389 33554432 1 1 200 3.329
40390 33554432 1 0 200 3.089
40391 33554432 1 1 200 2.435
40392 33554432 1 1 200 2.051
40393 33554432 0 1 200 2.468
40394 33554432 1 1 200 2.563
40395 33554432 1 1 200 2.100
40396 33554432 0 1 200 2.607
40397 33554432 1 1 200 2.145
40398 33554432 1 1 200 2.079
40399 33554432 0 1 200 2.298
40400 33554432 1 1 200 2.327
40401 33554432 1 1 200 2.147
40402 33554432 0 1 200 2.462
40403 33554432 1 1 200 2.384
40404 33554432 1 1 200 2.100
40405 33554432 0 1 200 2.519
40406 33554432 1 1 200 2.037
40407 33554432 1 1 200 2.185
40408 33554432 0 0 200 2.462
40409 33554432 1 1 200 2.387
40410 33554432 1 1 200 2.088
40411 33554432 0 0 200 2.456
40412 33554432 1 1 200 2.095
40413 33554432 1 1 200 2.171
40414 33554432 0 0 200 2.531
40415 33554432 1 1 200 2.105
40416 33554432 1 1 200 2.033
40417 33554432 0 0 200 2.425
40418 33554432 1 1 200 2.133
40419 33554432 1 1 200 2.074
40420 33554432 0 0 200 2.461
40421 67108864 1 1 200 5.655
40422 67108864 1 1 200 5.686
40423 67108864 1 1 200 5.546
40424 67108864 1 1 200 5.828
40425 67108864 1 1 200 5.885
40426 67108864 1 1 200 5.612
40427 67108864 1 1 200 5.523
40428 67108864 1 1 200 5.612
40429 67108864 1 1 200 5.478
40430 67108864 1 1 200 5.603
40431 67108864 1 1 200 5.555
40432 67108864 1 1 200 5.484
40433 67108864 1 1 200 7.136
40434 67108864 1 1 200 5.903
40435 67108864 1 1 200 5.489
40436 67108864 1 1 200 5.726
40437 67108864 1 1 200 5.751
40438 67108864 1 0 200 5.774
40439 67108864 1 1 200 5.856
40440 67108864 1 1 200 5.856
40441 67108864 1 0 200 6.112
40442 67108864 1 1 200 5.927
40443 67108864 1 1 200 6.002
40444 67108864 1 0 200 6.178
40445 67108864 1 1 200 5.761
40446 67108864 1 1 200 5.643
40447 67108864 1 0 200 5.753
40448 67108864 1 1 200 5.494
40449 67108864 1 1 200 5.698
40450 67108864 1 0 200 5.700
40451 67108864 1 1 200 3.913
40452 67108864 1 1 200 3.998
40453 67108864 0 1 200 4.700
40454 67108864 1 1 200 3.896
40455 67108864 1 1 200 4.027
40456 67108864 0 1 200 4.661
40457 67108864 1 1 200 4.144
40458 67108864 1 1 200 4.032
40459 67108864 0 1 200 4.708
40460 67108864 1 1 200 3.961
40461 67108864 1 1 200 3.890
40462 67108864 0 1 200 4.660
40463 67108864 1 1 200 3.991
40464 67108864 1 1 200 3.839
40465 67108864 0 1 200 4.626
40466 67108864 1 1 200 3.988
40467 67108864 1 1 200 4.050
40468 67108864 0 0 200 4.609
40469 67108864 1 1 200 4.051
40470 67108864 1 1 200 3.955
40471 67108864 0 0 200 4.550
40472 67108864 1 1 200 4.012
40473 67108864 1 1 200 3.832
40474 67108864 0 0 200 4.833
40475 67108864 1 1 200 4.019
40476 67108864 1 1 200 4.066
40477 67108864 0 0 200 4.693
40478 67108864 1 1 200 4.170
40479 67108864 1 1 200 4.090
40480 67108864 0 0 200 4.631
40481 134217728 1 1 200 11.474
40482 134217728 1 1 200 10.826
40483 134217728 1 1 200 10.948
40484 134217728 1 1 200 10.979
40485 134217728 1 1 200 10.941
40486 134217728 1 1 200 10.943
40487 134217728 1 1 200 10.838
40488 134217728 1 1 200 10.898
40489 134217728 1 1 200 10.933
40490 134217728 1 1 200 11.346
40491 134217728 1 1 200 11.147
40492 134217728 1 1 200 14.574
40493 134217728 1 1 200 11.194
40494 134217728 1 1 200 11.181
40495 134217728 1 1 200 11.102
40496 134217728 1 1 200 11.403
40497 134217728 1 1 200 11.291
40498 134217728 1 0 200 11.534
40499 134217728 1 1 200 10.939
40500 134217728 1 1 200 14.913
40501 134217728 1 0 200 11.216
40502 134217728 1 1 200 11.497
40503 134217728 1 1 200 11.333
40504 134217728 1 0 200 11.809
40505 134217728 1 1 200 11.183
40506 134217728 1 1 200 10.832
40507 134217728 1 0 200 11.558
40508 134217728 1 1 200 10.955
40509 134217728 1 1 200 11.059
40510 134217728 1 0 200 11.592
40511 134217728 1 1 200 7.932
40512 134217728 1 1 200 7.800
40513 134217728 0 1 200 9.129
40514 134217728 1 1 200 7.766
40515 134217728 1 1 200 7.562
40516 134217728 0 1 200 9.079
40517 134217728 1 1 200 7.906
40518 134217728 1 1 200 7.609
40519 134217728 0 1 200 9.106
40520 134217728 1 1 200 7.479
40521 134217728 1 1 200 7.840
40522 134217728 0 1 200 9.183
40523 134217728 1 1 200 7.716
40524 134217728 1 1 200 7.575
40525 134217728 0 1 200 9.144
40526 134217728 1 1 200 7.851
40527 134217728 1 1 200 7.649
40528 134217728 0 0 200 8.904
40529 134217728 1 1 200 7.599
40530 134217728 1 1 200 7.828
40531 134217728 0 0 200 8.925
40532 134217728 1 1 200 7.690
40533 134217728 1 1 200 7.401
40534 134217728 0 0 200 8.974
40535 134217728 1 1 200 7.907
40536 134217728 1 1 200 7.670
40537 134217728 0 0 200 8.996
40538 134217728 1 1 200 8.036
40539 134217728 1 1 200 7.651
40540 134217728 0 0 200 8.960
40541 268435456 1 1 200 22.777
40542 268435456 1 1 200 23.004
40543 268435456 1 1 200 22.722
40544 268435456 1 1 200 23.720
40545 268435456 1 1 200 21.596
40546 268435456 1 1 200 22.140
40547 268435456 1 1 200 22.227
40548 268435456 1 1 200 22.019
40549 268435456 1 1 200 22.550
40550 268435456 1 1 200 22.343
40551 268435456 1 1 200 22.107
40552 268435456 1 1 200 22.949
40553 268435456 1 1 200 22.062
40554 268435456 1 1 200 21.980
40555 268435456 1 1 200 21.660
40556 268435456 1 1 200 22.411
40557 268435456 1 1 200 21.999
40558 268435456 1 0 200 22.493
40559 268435456 1 1 200 23.587
40560 268435456 1 1 200 23.194
40561 268435456 1 0 200 24.170
40562 268435456 1 1 200 21.608
40563 268435456 1 1 200 21.314
40564 268435456 1 0 200 22.223
40565 268435456 1 1 200 21.698
40566 268435456 1 1 200 21.567
40567 268435456 1 0 200 22.374
40568 268435456 1 1 200 21.526
40569 268435456 1 1 200 21.212
40570 268435456 1 0 200 22.812
40571 268435456 1 1 200 15.608
40572 268435456 1 1 200 15.191
40573 268435456 0 1 200 17.792
40574 268435456 1 1 200 15.578
40575 268435456 1 1 200 15.701
40576 268435456 0 1 200 17.592
40577 268435456 1 1 200 15.101
40578 268435456 1 1 200 15.504
40579 268435456 0 1 200 17.434
40580 268435456 1 1 200 14.700
40581 268435456 1 1 200 14.968
40582 268435456 0 1 200 17.490
40583 268435456 1 1 200 14.834
40584 268435456 1 1 200 20.114
40585 268435456 0 1 200 17.520
40586 268435456 1 1 200 15.373
40587 268435456 1 1 200 15.205
40588 268435456 0 0 200 17.842
40589 268435456 1 1 200 15.411
40590 268435456 1 1 200 14.800
40591 268435456 0 0 200 17.310
40592 268435456 1 1 200 14.997
40593 268435456 1 1 200 14.891
40594 268435456 0 0 200 17.232
40595 268435456 1 1 200 15.634
40596 268435456 1 1 200 16.356
40597 268435456 0 0 200 17.076
40598 268435456 1 1 200 15.298
40599 268435456 1 1 200 15.674
40600 268435456 0 0 200 17.647
40601 536870912 1 1 200 46.097
40602 536870912 1 1 200 45.404
40603 536870912 1 1 200 45.025
40604 536870912 1 1 200 42.324
40605 536870912 1 1 200 51.703
40606 536870912 1 1 200 42.471
40607 536870912 1 1 200 42.817
40608 536870912 1 1 200 43.717
40609 536870912 1 1 200 43.159
40610 536870912 1 1 200 43.417
40611 536870912 1 1 200 42.969
40612 536870912 1 1 200 42.844
40613 536870912 1 1 200 42.478
40614 536870912 1 1 200 42.920
40615 536870912 1 1 200 42.190
40616 536870912 1 1 200 44.473
40617 536870912 1 1 200 43.283
40618 536870912 1 0 200 45.604
40619 536870912 1 1 200 44.758
40620 536870912 1 1 200 44.612
40621 536870912 1 0 200 46.943
40622 536870912 1 1 200 46.585
40623 536870912 1 1 200 45.084
40624 536870912 1 0 200 47.787
40625 536870912 1 1 200 45.089
40626 536870912 1 1 200 45.004
40627 536870912 1 0 200 46.851
40628 536870912 1 1 200 46.235
40629 536870912 1 1 200 45.730
40630 536870912 1 0 200 48.017
40631 536870912 1 1 200 31.002
40632 536870912 1 1 200 31.832
40633 536870912 0 1 200 34.289
40634 536870912 1 1 200 32.765
40635 536870912 1 1 200 31.165
40636 536870912 0 1 200 34.384
40637 536870912 1 1 200 30.241
40638 536870912 1 1 200 33.506
40639 536870912 0 1 200 34.235
40640 536870912 1 1 200 30.472
40641 536870912 1 1 200 31.677
40642 536870912 0 1 200 34.168
40643 536870912 1 1 200 30.576
40644 536870912 1 1 200 31.009
40645 536870912 0 1 200 34.376
40646 536870912 1 1 200 31.619
40647 536870912 1 1 200 33.426
40648 536870912 0 0 200 34.917
40649 536870912 1 1 200 29.598
40650 536870912 1 1 200 30.286
40651 536870912 0 0 200 33.233
40652 536870912 1 1 200 32.082
40653 536870912 1 1 200 34.283
40654 536870912 0 0 200 36.092
40655 536870912 1 1 200 32.797
40656 536870912 1 1 200 31.278
40657 536870912 0 0 200 33.822
40658 536870912 1 1 200 30.286
40659 536870912 1 1 200 31.501
40660 536870912 0 0 200 35.289
