20001 512000 1 1 200 0.087
20002 512000 1 1 200 0.085
20003 512000 1 1 200 0.077
20004 512000 1 1 200 0.085
20005 512000 1 1 200 0.078
20006 512000 1 0 200 0.090
20007 512000 1 0 200 0.087
20008 512000 1 0 200 0.086
20009 512000 1 0 200 0.087
20010 512000 1 0 200 0.079
20011 512000 0 1 200 0.115
20012 512000 0 1 200 0.109
20013 512000 0 1 200 0.142
20014 512000 0 1 200 0.103
20015 512000 0 1 200 0.104
20016 512000 0 0 200 0.091
20017 512000 0 0 200 0.088
20018 512000 0 0 200 0.086
20019 512000 0 0 200 0.079
20020 512000 0 0 200 0.111
20021 1048576 1 1 200 0.115
20022 1048576 1 1 200 0.110
20023 1048576 1 1 200 0.109
20024 1048576 1 1 200 0.111
20025 1048576 1 1 200 0.109
20026 1048576 1 0 200 0.119
20027 1048576 1 0 200 0.121
20028 1048576 1 0 200 0.126
20029 1048576 1 0 200 0.110
20030 1048576 1 0 200 0.182
20031 1048576 0 1 200 0.142
20032 1048576 0 1 200 0.138
20033 1048576 0 1 200 0.141
20034 1048576 0 1 200 0.138
20035 1048576 0 1 200 0.144
20036 1048576 0 0 200 0.122
20037 1048576 0 0 200 0.124
20038 1048576 0 0 200 0.129
20039 1048576 0 0 200 0.124
20040 1048576 0 0 200 0.168
20041 2097152 1 1 200 0.169
20042 2097152 1 1 200 0.173
20043 2097152 1 1 200 0.170
20044 2097152 1 1 200 0.168
20045 2097152 1 1 200 0.169
20046 2097152 1 0 200 0.183
20047 2097152 1 0 200 0.180
20048 2097152 1 0 200 0.173
20049 2097152 1 0 200 0.181
20050 2097152 1 0 200 0.179
20051 2097152 0 1 200 0.217
20052 2097152 0 1 200 0.209
20053 2097152 0 1 200 0.213
20054 2097152 0 1 200 0.211
20055 2097152 0 1 200 0.204
20056 2097152 0 0 200 0.231
20057 2097152 0 0 200 0.193
20058 2097152 0 0 200 0.206
20059 2097152 0 0 200 0.193
20060 2097152 0 0 200 0.192
20061 4194304 1 1 200 0.281
20062 4194304 1 1 200 0.266
20063 4194304 1 1 200 0.225
20064 4194304 1 1 200 0.221
20065 4194304 1 1 200 0.275
20066 4194304 1 0 200 0.298
20067 4194304 1 0 200 0.291
20068 4194304 1 0 200 0.295
20069 4194304 1 0 200 0.289
20070 4194304 1 0 200 0.292
20071 4194304 0 1 200 0.349
20072 4194304 0 1 200 0.338
20073 4194304 0 1 200 0.335
20074 4194304 0 1 200 0.335
20075 4194304 0 1 200 0.340
20076 4194304 0 0 200 0.327
20077 4194304 0 0 200 0.325
20078 4194304 0 0 200 0.324
20079 4194304 0 0 200 0.277
20080 4194304 0 0 200 0.319
20081 8388608 1 1 200 0.455
20082 8388608 1 1 200 0.436
20083 8388608 1 1 200 0.431
20084 8388608 1 1 200 0.436
20085 8388608 1 1 200 0.458
20086 8388608 1 0 200 0.421
20087 8388608 1 0 200 0.481
20088 8388608 1 0 200 0.491
20089 8388608 1 0 200 0.466
20090 8388608 1 0 200 0.482
20091 8388608 0 1 200 0.549
20092 8388608 0 1 200 0.587
20093 8388608 0 1 200 0.579
20094 8388608 0 1 200 0.508
20095 8388608 0 1 200 0.615
20096 8388608 0 0 200 0.528
20097 8388608 0 0 200 0.573
20098 8388608 0 0 200 0.523
20099 8388608 0 0 200 0.518
20100 8388608 0 0 200 0.528
20101 16777216 1 1 200 0.782
20102 16777216 1 1 200 0.735
20103 16777216 1 1 200 0.791
20104 16777216 1 1 200 0.736
20105 16777216 1 1 200 0.791
20106 16777216 1 0 200 0.820
20107 16777216 1 0 200 0.842
20108 16777216 1 0 200 0.766
20109 16777216 1 0 200 0.845
20110 16777216 1 0 200 0.827
20111 16777216 0 1 200 1.036
20112 16777216 0 1 200 0.988
20113 16777216 0 1 200 2.123
20114 16777216 0 1 200 0.997
20115 16777216 0 1 200 0.988
20116 16777216 0 0 200 1.010
20117 16777216 0 0 200 0.932
20118 16777216 0 0 200 0.953
20119 16777216 0 0 200 0.903
20120 16777216 0 0 200 1.007
20121 33554432 1 1 200 1.779
20122 33554432 1 1 200 1.755
20123 33554432 1 1 200 1.766
20124 33554432 1 1 200 3.696
20125 33554432 1 1 200 1.781
20126 33554432 1 0 200 4.403
20127 33554432 1 0 200 1.877
20128 33554432 1 0 200 1.810
20129 33554432 1 0 200 1.823
20130 33554432 1 0 200 1.865
20131 33554432 0 1 200 2.247
20132 33554432 0 1 200 2.228
20133 33554432 0 1 200 2.189
20134 33554432 0 1 200 2.224
20135 33554432 0 1 200 2.305
20136 33554432 0 0 200 2.224
20137 33554432 0 0 200 2.096
20138 33554432 0 0 200 2.177
20139 33554432 0 0 200 2.232
20140 33554432 0 0 200 2.201
20141 67108864 1 1 200 3.433
20142 67108864 1 1 200 3.423
20143 67108864 1 1 200 3.427
20144 67108864 1 1 200 3.460
20145 67108864 1 1 200 3.435
20146 67108864 1 0 200 3.592
20147 67108864 1 0 200 3.670
20148 67108864 1 0 200 3.637
20149 67108864 1 0 200 3.626
20150 67108864 1 0 200 3.651
20151 67108864 0 1 200 4.421
20152 67108864 0 1 200 4.380
20153 67108864 0 1 200 4.440
20154 67108864 0 1 200 4.359
20155 67108864 0 1 200 4.300
20156 67108864 0 0 200 4.190
20157 67108864 0 0 200 4.103
20158 67108864 0 0 200 4.121
20159 67108864 0 0 200 4.199
20160 67108864 0 0 200 4.215
20161 134217728 1 1 200 6.707
20162 134217728 1 1 200 6.675
20163 134217728 1 1 200 6.665
20164 134217728 1 1 200 6.683
20165 134217728 1 1 200 6.708
20166 134217728 1 0 200 6.954
20167 134217728 1 0 200 6.898
20168 134217728 1 0 200 6.937
20169 134217728 1 0 200 6.968
20170 134217728 1 0 200 6.995
20171 134217728 0 1 200 8.392
20172 134217728 0 1 200 19.630
20173 134217728 0 1 200 8.523
20174 134217728 0 1 200 8.640
20175 134217728 0 1 200 8.694
20176 134217728 0 0 200 8.209
20177 134217728 0 0 200 8.188
20178 134217728 0 0 200 8.265
20179 134217728 0 0 200 8.331
20180 134217728 0 0 200 8.230
20181 268435456 1 1 200 21.616
20182 268435456 1 1 200 13.492
20183 268435456 1 1 200 13.451
20184 268435456 1 1 200 13.193
20185 268435456 1 1 200 13.440
20186 268435456 1 0 200 13.863
20187 268435456 1 0 200 13.705
20188 268435456 1 0 200 14.125
20189 268435456 1 0 200 13.646
20190 268435456 1 0 200 13.669
20191 268435456 0 1 200 16.769
20192 268435456 0 1 200 16.523
20193 268435456 0 1 200 16.478
20194 268435456 0 1 200 16.405
20195 268435456 0 1 200 16.441
20196 268435456 0 0 200 16.524
20197 268435456 0 0 200 16.280
20198 268435456 0 0 200 16.208
20199 268435456 0 0 200 16.494
20200 268435456 0 0 200 16.444
20201 536870912 1 1 200 26.029
20202 536870912 1 1 200 26.206
20203 536870912 1 1 200 27.101
20204 536870912 1 1 200 26.973
20205 536870912 1 1 200 26.510
20206 536870912 1 0 200 28.009
20207 536870912 1 0 200 27.858
20208 536870912 1 0 200 28.945
20209 536870912 1 0 200 28.404
20210 536870912 1 0 200 27.596
20211 536870912 0 1 200 33.609
20212 536870912 0 1 200 32.775
20213 536870912 0 1 200 33.366
20214 536870912 0 1 200 77.653
20215 536870912 0 1 200 33.326
20216 536870912 0 0 200 31.736
20217 536870912 0 0 200 32.479
20218 536870912 0 0 200 31.580
20219 536870912 0 0 200 31.517
20220 536870912 0 0 200 32.042
